4046538
4046704
4046946
4047734
4047852
4048023
4048662
4049979
4050552
4054378
4057835
4058219
4058262
4058553
4059102
4059870
4060791
4061234
4062577
4062644
4063619
4065552
4066811
4067927
4067994
4068446
4068590
4074267
4076239
4076598
4076784
4078646
4080555
4081644
4081696
4081914
4082569
4082688
4082866
4084324
4084796
4084888
4089114
4092788
4093753
4094163
4094212
4094455
4095415
4101114
4101241
4101260
4103448
4103678
4103957
4104857
4106458
4109785
4110119
4110233
4110486
4111212
4111410
4113167
4114225
4114930
4115412
4115429
4116315
4116834
4117942
4119403
4120792
4121792
4123037
4124112
4125388
4126226
4128894
4129397
4130430
4131116
4132093
4133367
4134716
4135865
4137291
4137457
4137810
4137919
4138102
4138321
4138666
4139673
4139953
4140007
4140040
4140463
4140963
4141363
4141435
4142290
4143354
4143637
4143861
4144284
4145381
4145805
4145941
4146082
4146148
4146166
4146354
4146389
4146429
4146564
4146723
4146901
4146934
4147241
4147257
4147290
4147801
4148207
4148399
4148411
4148504
4148533
4148677
4148708
4148710
4148757
4148803
4149077
4149269
4149412
4149956
4149959
4149962
4150010
4150066
4150103
4150115
4150118
4150190
4150356
4150632
4151157
4151316
4151352
4151440
4151441
4151455
4151460
4151824
4151871
4151909
4151921
4152064
4152093
4152290
4152311
4152487
4152513
4152564
4152574
4152772
4152820
4152872
4152881
4152890
4152898
4152926
4153071
4153132
4153146
4153188
4153471
4153693
4153759
4154008
4154031
4154047
4154205
4154280
4154396
4154489
4154568
4154606
4155006
4155017
4155529
4155533
4155594
4155726
4155966
4155995
4155996
4156006
4156018
4156042
4156091
4156331
4156404
4156857
4156918
4156920
4156931
4157467
4157634
4157687
4157827
4157898
4158446
4158476
4158482
4158599
4158700
4158865
4158928
4158966
4159050
4159071
4159077
4159553
4159672
4159675
4159677
4159805
4159839
4159896
4160021
4160023
4160100
4160610
4160705
4160711
4160789
4160792
4160795
4160812
4160822
4160983
4161178
4161313
4161373
4161400
4161422
4161424
4161438
4161461
4161534
4161580
4161616
4161624
4161625
4161705
4161771
4161785
4161797
4162776
4163033
4163049
4163129
4163220
4163267
4163379
4163384
4163388
4163407
4163487
4163918
4163971
4163972
4164092
4164131
4164138
4164143
4164167
4164186
4164601
4164602
4165069
4165519
4165565
4165637
4165695
4165869
4165913
4166066
4166195
4166208
4166222
4166232
4166233
4166253
4166274
4166288
4166583
4166638
4166673
4166723
4166776
4166805
4167003
4167142
4167147
4167178
4167348
4167424
4167499
4167505
4167519
4167533
4167536
4167538
4167545
4167583
4167601
4167634
4167694
4167695
4167829
4168139
4168228
4168459
4168590
4168630
4168659
4168773
4168782
4168930
4169014
4169033
4169060
4169130
4169156
4169166
4169171
4169345
4169452
4169455
4169461
4169810
4169811
4170005
4170156
4170174
4170358
4170617
4170688
4170797
4170894
4170896
4170908
4170965
4171061
4171522
4171563
4171782
4172052
4172086
4172094
4172131
4172173
4172366
4172372
4172434
4172935
4173380
4173392
4173497
4173522
4173558
4173593
4173600
4173838
4174059
4174201
4174317
4174383
4174402
4174425
4174518
4174600
4174715
4174738
4174744
4174757
4174855
4174861
4174870
4174969
4175091
4175117
4175179
4175296
4175437
4175538
4175626
4176217
4176318
4176380
4176409
4176509
4177270
4177450
4177671
4177703
4177727
4177779
4177834
4177865
4177872
4177887
4177897
4177908
4177960
4177965
4178003
4178550
4178552
4178560
4178573
4178694
4178775
4179074
4179320
4179574
4179667
4180386
4180439
4180531
4181936
4183354
4183521
4184530
4184845
4185657
4186213
4186416
4186531
4187204
4188985
4189213
4190542
4190581
4190979
4191124
4191294
4191955
4192205
4192289
4192375
4192608
4192674
4193229
4193699
4194474
4195701
4196586
4198322
4199921
4200188
4200671
4201141
4202634
4202705
4203696
4204007
4204230
4205196
4205885
4206783
4207226
4207400
4207783
4207981
4208442
4209448
4211941
4212684
4212888
4212992
4212995
4215110
4215114
4215391
4216043
4216948
4218165
4219001
4219762
4219934
4220629
4220866
4221333
4221552
4223379
4223413
4224413
4224681
4224745
4225039
4225309
4226348
4226552
4226722
4227213
4227593
4227777
4228147
4229476
4231354
4231523
4231874
4232679
4233813
4235193
4235668
4236191
4236895
4237579
4237717
4238132
4239509
4239714
4241704
4243899
4244099
4245152
4245926
4247703
4250542
4251841
4254021
4254679
4254957
4255056
4255466
4255836
4256038
4257227
4257494
4257770
4258285
4258313
4259418
4259640
4259671
4260210
4262045
4262072
4263108
4263681
4264457
4264617
4264688
4265737
4266307
4266771
4267336
4270356
4271086
4271935
4272340
4272782
4273299
4273680
4273837
4274277
4274305
4274317
4274356
4274532
4274994
4276248
4276614
4276873
4277241
4277718
4278890
4279247
4280539
4281730
4282757
4283133
4285268
4286281
4287235
4288809
4289232
4289445
4290988
4291255
4291620
4291945
4292071
4292188
4292686
4294494
4294799
4295251
4295288
4295712
4295776
4296218
4297983
4297999
4299276
4299670
4300488
4302035
4302504
4302529
4302561
4303012
4303436
4304713
4305504
4305974
4307012
4307238
4308122
4308225
4311963
4313697
4314388
4314550
4315588
4315768
4317639
4319435
4319518
4323873
4326198
4326575
4326868
4327047
4328010
4328931
4329753
4330145
4330236
4330525
4332628
4333177
4333190
4333669
4334720
4334971
4335045
4336153
4338012
4339348
4339684
4341378
4341513
4341727
4342816
4343327
4346788
4346913
4346991
4347242
4347371
4347426
4347553
4347778
4347839
4348353
4348599
4349159
4350113
4350160
4350288
4350413
4350635
4351184
4351264
4351383
4351851
4351871
4351887
4351977
4352053
4352539
4352577
4352681
4352728
4353765
4353925
4353962
4354087
4354163
4354234
4354256
4354265
4354428
4354573
4354797
4354821
4355355
4355585
4355843
4356050
4356165
4356188
4356783
4356847
4357116
4357141
4357340
4358082
4358701
4358821
4358864
4360201
4360287
4360314
4360369
4360954
4361831
4362344
4362438
4362743
4363282
4363831
4363836
4363843
4363990
4364312
4364326
4364362
4364480
4364537
4364727
4364759
4364946
4364964
4364990
4365227
4365387
4366001
4366476
4366593
4366647
4367081
4367175
4367372
4367419
4367734
4368380
4368711
4368918
4369076
4369190
4369224
4369596
4369872
4369928
4369964
4369978
4370616
4370890
4371334
4371582
4372599
4372794
4373104
4373153
4373238
4373349
4373449
4374054
4374513
4375087
4375663
4376482
4377664
4378219
4379634
4379966
4381072
4381478
4381982
4382072
4382169
4382837
4385018
4386289
4386387
4386802
4387990
4388460
4389418
4389967
4390221
4391812
4392035
4392388
4392768
4393217
4393581
4393739
4394237
4394281
4394870
4394905
4395052
4396915
4397340
4397962
4400648
4401242
4401618
4402040
4402178
4402245
4404233
4405180
4405188
4405434
4406282
4406831
4407010
4407066
4407237
4407294
4408000
4408358
4408672
4409591
4409896
4412697
4413595
4413802
4413815
4413872
4414001
4414749
4417205
4418478
4419290
4421935
4422133
4422442
4423888
4427569
4428475
4428495
4428667
4429295
4429589
4430400
4431410
4433039
4434069
4434663
4435764
4437982
4439506
4439869
4440076
4440397
4440413
4440559
4443296
4446675
4447161
4448894
4448903
4449620
4450411
4450687
4452303
4452808
4453035
4453066
4453144
4453145
4453244
4453688
4454370
4456121
4456376
4456703
4457040
4457578
4457719
4458228
4458264
4458265
4458391
4458584
4459120
4459135
4459261
4459298
4459343
4459467
4459889
4460162
4460243
4460364
4460943
4461015
4461574
4461941
4462701
4462759
4464368
4464873
4465088
4465303
4465671
4466033
4467128
4467129
4467485
4467657
4467732
4468261
4468590
4469146
4469160
4469955
4470225
4470244
4470359
4470566
4470592
4470778
4471025
4471123
4471495
4471641
4471851
4472025
4472119
4472370
4472687
4473083
4474040
4474221
4474274
4474436
4474505
4474609
4474773
4474803
4474841
4475347
4475622
4475640
4475773
4476919
4477525
4477757
4477886
4477893
4478090
4478334
4479759
4479946
4480007
4480125
4480153
4480219
4480285
4481308
4481427
4481682
4482066
4482084
4482569
4482916
4483124
4483142
4483271
4485005
4485145
4485272
4487042
4488031
4488232
4488298
4488758
4488762
4489504
4489985
4490031
4490329
4490689
4491180
4492300
4492722
4492732
4492756
4493035
4493110
4493186
4493316
4494082
4494127
4494238
4494335
4494942
4495749
4495762
4497290
4497520
4497868
4497912
4498303
4498560
4499379
4499389
4499612
4500092
4500185
4500546
4500579
4500630
4500637
4500688
4500696
4500704
4500920
4500942
4501018
4501057
4501066
4501198
4501550
4501551
4501931
4502434
4502635
4502687
4502901
4502904
4503078
4503136
4503204
4503289
4503299
4503313
4503346
4503351
4503548
4503596
4503646
4504003
4504010
4504014
4504048
4504096
4504118
4504225
4504308
4504375
4504476
4504525
4504598
4504618
4504621
4504783
4504802
4504856
4504857
4504871
4505542
4506008
4507378
4508204
4508722
4509177
4509884
4511263
4511283
4512060
4513409
4513575
4514746
4515843
4516233
4516412
4517698
4518188
4518264
4519995
4520760
4520905
4521209
4521816
4522411
4522586
4525304
4525353
4526576
4526993
4527124
4528259
4528291
4528810
4528923
4529096
4529292
4529469
4529987
4530372
4530801
4531405
4531414
4533029
4533580
4534934
4535389
4535414
4535740
4535783
4535961
4539615
4540737
4542367
4542765
4542975
4543338
4543352
4543762
4544349
4547407
4548267
4550659
4550881
4551177
4552215
4552707
4553433
4556165
4556668
4557109
4557137
4557264
4557606
4557787
4557983
4558183
4558442
4558475
4558510
4558523
4558980
4559647
4559943
4560179
4560303
4560349
4560490
4560691
4560722
4561407
4561542
4561553
4561871
4562144
4562193
4562237
4562407
4569067
4569298
4570284
4571722
4571857
4574324
4574989
4575352
4575461
4577263
4578737
4578801
4579662
4580098
4580543
4580569
4580599
4581023
4581832
4581833
4583114
4584020
4584683
4585000
4585421
4586523
4588165
4588682
4588718
4589368
4589387
4589446
4591896
4593142
4593724
4595249
4595374
4595864
4596208
4597200
4597882
4597919
4597948
4598052
4598353
4598865
4599937
4600541
4604183
4608408
4608418
4608657
4612862
4613868
4614088
4614748
4614867
4615145
4618057
4619800
4619943
4619947
4620131
4620732
4621447
4621846
4623560
4623879
4624180
4624443
4624601
4625282
4626334
4628735
4628929
4632595
4633419
4633848
4634662
4634946
4635031
4636045
4638144
4639848
4641239
4642403
4642938
4643336
4644312
4644585
4645421
4645799
4646571
4649251
4649867
4653451
4656585
4656589
4657077
4658590
4659446
4659557
4663494
4669635
4669828
4670074
4670146
4670234
4670249
4670300
4670555
4670592
4670866
4671141
4671240
4671524
4671654
4672059
4672171
4672731
4672989
4673094
4673353
4673425
4673482
4674911
4675373
4675536
4676206
4676740
4676798
4676920
4677008
4677042
4677551
4677592
4678901
4679195
4679803
4679867
4679944
4680388
4681462
4681485
4681976
4682127
4682464
4682478
4682991
4683021
4683217
4683244
4683317
4683416
4683462
4683689
4684330
4684724
4684888
4685524
4685737
4685892
4685907
4686163
4686593
4686903
4687331
4688275
4689311
4689550
4690198
4691585
4691833
4691930
4692279
4692400
4692521
4692559
4692746
4692883
4693003
4693150
4693342
4693696
4694482
4694535
4694568
4695066
4695317
4695912
4696202
4696233
4697645
4698233
4698864
4699066
4699392
4699442
4699540
4699575
4699626
4700168
4700598
4701458
4702732
4702828
4703078
4703223
4703384
4703811
4704027
4704108
4704395
4704628
4705191
4705349
4705692
4705708
4706057
4706736
4707055
4707191
4707814
4708308
4709013
4709090
4709272
4709796
4710178
4710749
4710826
4711156
4711647
4711725
4711729
4711801
4712319
4712933
4713507
4713735
4713932
4714131
4714149
4714582
4715292
4716805
4717232
4717560
4717782
4718097
4718209
4718711
4718721
4719457
4720036
4720039
4720060
4720080
4720131
4720833
4722625
4723406
4723422
4723914
4724129
4724194
4724564
4724642
4726206
4726290
4726440
4726491
4727326
4727605
4727756
4728328
4733042
4733103
4733313
4733624
4734005
4734350
4734825
4734909
4735111
4735702
4735966
4736028
4736096
4736134
4736388
4736476
4738214
4738574
4738604
4738606
4738721
4739157
4739526
4740214
4740328
4740364
4740629
4741100
4741616
4741752
4742503
4743275
4744091
4744468
4744589
4744709
4744870
4745272
4747845
4748050
4748305
4748993
4749627
4749950
4750892
4751421
4751839
4751935
4752031
4752136
4752186
4752229
4752495
4752665
4753654
4753671
4754966
4755158
4755280
4756955
4758023
4759446
4759968
4760059
4760232
4761951
4762894
4763231
4763793
4764127
4764826
4765054
4765520
4765553
4768351
4768678
4769125
4769608
4769667
4770714
4771014
4771075
4771401
4771414
4771928
4772354
4772566
4772735
4772904
4772943
4773677
4776024
4776222
4776970
4778626
4779999
4780011
4780837
4781530
4781708
4782167
4782864
4784112
4785243
4785280
4785284
4785576
4786667
4786714
4787117
4787440
4787534
4788145
4788158
4790207
4790534
4791160
4791259
4792225
4792522
4792867
4792901
4793846
4794120
4794350
4794531
4798308
4798697
4801859
4802316
4805033
4805404
4809537
4813878
4815352
4817641
4824027
4827104
4828193
4828382
4828890
4829307
4829762
4829791
4830198
4830668
4830796
4832038
4832176
4832272
4832294
4832322
4832353
4832425
4832458
4832554
4833320
4833403
4833425
4833505
4834040
4834157
4834232
4834272
4835003
4835472
4835512
4835654
4835797
4837278
4837648
4838116
4838174
4838204
4838524
4838633
4838652
4838887
4839141
4839222
4839292
4839319
4839366
4839416
4839497
4839521
4839704
4839745
4839822
4839843
4840015
4840035
4840755
4840767
4842818
4842898
4843353
4843362
4843378
4843564
4843735
4843786
4843811
4844309
4844459
4845056
4845193
4845411
4845419
4845519
4845585
4845612
4845823
4845871
4845898
4845920
4845984
4846757
4846834
4846960
4847187
4848489
4849826
4850699
4850751
4851935
4852022
4852065
4852640
4852832
4853423
4853608
4853828
4854529
4857486
4861719
4862034
4862760
4866263
4866371
4866445
4867236
4868404
4868907
4869195
4869801
4870380
4876523
4879890
4880889
4880981
4881346
4882920
4883012
4883078
4883207
4883555
4883679
4883817
4883904
4884141
4884192
4884434
4884442
4884453
4884509
4884597
4885156
4885164
4885186
4885265
4885342
4885418
4885565
4885573
4885597
4885689
4885955
4885983
4886255
4886662
4886676
4886738
4887158
4887284
4887398
4887442
4887463
4888015
4888892
4889107
4889229
4889426
4889447
4889553
4889668
4889772
4889959
4890009
4890075
4890119
4890507
4890536
4890549
4890701
4890864
4890925
4891010
4891051
4891176
4891382
4891431
4893037
4893070
4893171
4893365
4893384
4893392
4893591
4893811
4893886
4894061
4894320
4894465
4894861
4895066
4895298
4895876
4896012
4896075
4896336
4896353
4896691
4896728
4897543
4898015
4898182
4898401
4898846
4899012
4899170
4899184
4899340
4899581
4899739
4899911
4899966
4900080
4900292
4900358
4900373
4900579
4900611
4900801
4900808
4900817
4901445
4901514
4901663
4901710
4901868
4902475
4902476
4902559
4902667
4902754
4902763
4902900
4903024
4903184
4903279
4903330
4903360
4903363
4903466
4903535
4903730
4903780
4903818
4903858
4903862
4903940
4903976
4904056
4904286
4904365
4904381
4904937
4904996
4905006
4905211
4905263
4905337
4905367
4905599
4905687
4906125
4906500
4906882
4907907
4907959
4908033
4908052
4908068
4908173
4908236
4908237
4908737
4910713
4911418
4911600
4911863
4911893
4911934
4911951
4912013
4912499
4912691
4913110
4913723
4914557
4914570
4914738
4914830
4915539
4915545
4915734
4915963
4915987
4915989
4916003
4916028
4916079
4916118
4916140
4916207
4916288
4916311
4916732
4917067
4917089
4917123
4917298
4917358
4917592
4917848
4918099
4919381
4919451
4919820
4919857
4919987
4920423
4920473
4920607
4920808
4920869
4920986
4921100
4921402
4921476
4921725
4922388
4922462
4922673
4922968
4923210
4923482
4923531
4923670
4924006
4924014
4924104
4924198
4924412
4925006
4926170
4926387
4926563
4927537
4928096
4928118
4928337
4928662
4928703
4928788
4928934
4929004
4929022
4929023
4929180
4929283
4929314
4929399
4929417
4929532
4929771
4930173
4930282
4930505
4930511
4930577
4930956
4931273
4931353
4931429
4931482
4931737
4931875
4931972
4932214
4932819
4932844
4932869
4932879
4932957
4933002
4933082
4933743
4933989
4934500
4934664
4934749
4934753
4934964
4935038
4935211
4935304
4935370
4935398
4935434
4935578
4935582
4935623
4935645
4936008
4936087
4936159
4936174
4936812
4937230
4937232
4937276
4937557
4937829
4938048
4938157
4938378
4938836
4939004
4939008
4939085
4939647
4939783
4940190
4940202
4940764
4941720
4941853
4941873
4941935
4942508
4942618
4942744
4942807
4942939
4942975
4943021
4943097
4943170
4943297
4943298
4943426
4943629
4943677
4943828
4943888
4943958
4944193
4944405
4944903
4944994
4945055
4945121
4945234
4945256
4945283
4945588
4945608
4945622
4945808
4945819
4945911
4945952
4946056
4946402
4946410
4946441
4946620
4946863
4947459
4947597
4948087
4948247
4948403
4948462
4948924
4948936
4949068
4949152
4950065
4950191
4950205
4950267
4950749
4950898
4951248
4951257
4951305
4951359
4951397
4951473
4951579
4951594
4951788
4952078
4952121
4952206
4952320
4952487
4952629
4952762
4953382
4953938
4954265
4954380
4954611
4954738
4954763
4954912
4954931
4954944
4955089
4955098
4955117
4955128
4955143
4955190
4955219
4955336
4955840
4955884
4955993
4956032
4956152
4956184
4956335
4956338
4956976
4957003
4957280
4957320
4958141
4958721
4958954
4958958
4959279
4959473
4959908
4960091
4960381
4962066
4962384
4963111
4963486
4963985
4964996
4965529
4968141
4968168
4968729
4968747
4968894
4968933
4968937
4969398
4973463
4974108
4974194
4975802
4975966
4976817
4977222
4977762
4977882
4978097
4979244
4979245
4979352
4981071
4981804
4982236
4982394
4982720
4982753
4983359
4983611
4983625
4983811
4984016
4984029
4984075
4984247
4984533
4984565
4985153
4985180
4985744
4985887
4986172
4986759
4987482
4987963
4987990
4988430
4988575
4988617
4989133
4990121
4990510
4990512
4990729
4990730
4991470
4991640
4991735
4991969
4992523
4992635
4992982
4993125
4993321
4993659
4993756
4994325
4994358
4994391
4994567
4994578
4994871
4995197
4995269
4995285
4995514
4995664
4996248
4996306
4996545
4996580
4996690
4997086
4997180
4997238
4997384
4997500
4997787
4997805
4998018
4998195
4998431
4998574
4998830
4999064
4999311
4999837
5000306
5000460
5000500
5000611
5000625
5000947
5001929
5002344
5002656
5002714
5003065
5003132
5003374
5003940
5004005
5004062
5004188
5004359
5004490
5005128
5005247
5005318
5005484
5006166
5006221
5006233
5006244
5006250
5006917
5007402
5007477
5007531
5007655
5007804
5007989
5008224
5008327
5008991
5009004
5009586
5010077
5010512
5010517
5010636
5010646
5010856
5010978
5011148
5011428
5011654
5011761
5011908
5012495
5012521
5012639
5012800
5013285
5013924
5014051
5014130
5014208
5014224
5014681
5015464
5015599
5015618
5015688
5015701
5015978
5016024
5016374
5016450
5016494
5016884
5017366
5017396
5017822
5018651
5018739
5019116
5019188
5019330
5019335
5019588
5019767
5020548
5020859
5020881
5020938
5021492
5021828
5022025
5022134
5023482
5023571
5024237
5024719
5024825
5024846
5025001
5025219
5025264
5025381
5025471
5025627
5026291
5026321
5026959
5027117
5027482
5027765
5028163
5028500
5029181
5029500
5030005
5030670
5030856
5031404
5031412
5033910
5034059
5034767
5035522
5036420
5036493
5036588
5037649
5037784
5037785
5037790
5038108
5038438
5039080
5039094
5039332
5039675
5039978
5040477
5040647
5040822
5041146
5041849
5041926
5042373
5042561
5042726
5042773
5043193
5043473
5043779
5043799
5043955
5044407
5045021
5045258
5045360
5046001
5046063
5046997
5047234
5047308
5048033
5048814
5049767
5049902
5050817
5051735
5052361
5052467
5052658
5052916
5053156
5053358
5055787
5059163
5059429
5059836
5062458
5063805
5064638
5066001
5068725
5069297
5069802
5071348
5071665
5072006
5073965
5074472
5074792
5082756
5083221
5084246
5084376
5084387
5084820
5084868
5084939
5085374
5085382
5085520
5085688
5086325
5086544
5086700
5087114
5087168
5088043
5088262
5088438
5088529
5088856
5089178
5089449
5089478
5089850
5090046
5090347
5090448
5090662
5090683
5091383
5091872
5092268
5092485
5092486
5093347
5093469
5093845
5094304
5094877
5094939
5095281
5095325
5095335
5095409
5095432
5095445
5095549
5095561
5095611
5095747
5095779
5095881
5095947
5096316
5096686
5096699
5096798
5097017
5097167
5097239
5097315
5097357
5097402
5097441
5097529
5097598
5097627
5097672
5097751
5097773
5098109
5098135
5098343
5098706
5098863
5098909
5099079
5099093
5099133
5099292
5099724
5099738
5099836
5099967
5100158
5100280
5100297
5100506
5100572
5100604
5100619
5100706
5100748
5100776
5100854
5100886
5101170
5101300
5101334
5101427
5101717
5101766
5101798
5101873
5101879
5101938
5102076
5102136
5102162
5102213
5102369
5102387
5102427
5102443
5102466
5102578
5102713
5102720
5102796
5102798
5102922
5103055
5103086
5103269
5103500
5103580
5104404
5104405
5104473
5104493
5104495
5104504
5104755
5104795
5104835
5104836
5104844
5104853
5104882
5104923
5105127
5105262
5105433
5105496
5105608
5105634
5106160
5106279
5106292
5106298
5106331
5106453
5106529
5106615
5106834
5106950
5107091
5107129
5107152
5107464
5107481
5107502
5107505
5107670
5107760
5108093
5108111
5108169
5108186
5108193
5108707
5108815
5108955
5109177
5109722
5109790
5110077
5110092
5110130
5110159
5110161
5110266
5110302
5110309
5110446
5110629
5110918
5111141
5111405
5111412
5111833
5112035
5112078
5112375
5112540
5112710
5112861
5112961
5113142
5113196
5113302
5113412
5113481
5113664
5113676
5113683
5113694
5113779
5113790
5114289
5114418
5114731
5114900
5115107
5115614
5115699
5115703
5115835
5115843
5115871
5115952
5115960
5115962
5115985
5115989
5116004
5116060
5116083
5116093
5116118
5116303
5116408
5116495
5116497
5116508
5116570
5116900
5116917
5116937
5117378
5117388
5117438
5117549
5117575
5117663
5117891
5117949
5118005
5118226
5118626
5118670
5118693
5118701
5118743
5119019
5119049
5119167
5119211
5119347
5119383
5119385
5119432
5119893
5119897
5119899
5120034
5120095
5120228
5120442
5120478
5120521
5120656
5120824
5120987
5121026
5121163
5121407
5121509
5121636
5121650
5121666
5122331
5122397
5122413
5122432
5122477
5122520
5122534
5123247
5123280
5123344
5123443
5123456
5123477
5123533
5123718
5123788
5123791
5123809
5123815
5123831
5123840
5124045
5124078
5124276
5124323
5124352
5124497
5124931
5125011
5125086
5125125
5125139
5125523
5125738
5125771
5125985
5126013
5126180
5126183
5126187
5126208
5126239
5126518
5126550
5126555
5126630
5126827
5126842
5127134
5127315
5127321
5127536
5127550
5127670
5127835
5128266
5128481
5128539
5128549
5128566
5128581
5128654
5128723
5128884
5128886
5128898
5128904
5129014
5129029
5129134
5129245
5129248
5129325
5129603
5129698
5129975
5130045
5130081
5130334
5130402
5130561
5130572
5130708
5130780
5130821
5130831
5130915
5131638
5131692
5132002
5132011
5132028
5132029
5132143
5133271
5133273
5133279
5133302
5133311
5133640
5133742
5133825
5133858
5134086
5134203
5134295
5134316
5134323
5134366
5134395
5134449
5134453
5134693
5134800
5136322
5136334
5136353
5136421
5136433
5136454
5137353
5137507
5137600
5137849
5137894
5137895
5138007
5138022
5138286
5138371
5138539
5138660
5138744
5138836
5138950
5139030
5139054
5139287
5139294
5139301
5139473
5139568
5140221
5140389
5140390
5140402
5140405
5140511
5140675
5140945
5141002
5141342
5141502
5141580
5141927
5141930
5141963
5142036
5142056
5142109
5142182
5142296
5143056
5143198
5143307
5143386
5143396
5143419
5143620
5143630
5143832
5143866
5143992
5144040
5144089
5144090
5144336
5144400
5144580
5144668
5144736
5144975
5145028
5145034
5145067
5145072
5145215
5145476
5145607
5146055
5146089
5146233
5146256
5146277
5146282
5146286
5146491
5146675
5147097
5147784
5147968
5148273
5148326
5148480
5149222
5150529
5150792
5151613
5151861
5151891
5152333
5152599
5152833
5153207
5153420
5153680
5153924
5155207
5155393
5155499
5155587
5155858
5156371
5157588
5158067
5158164
5159537
5160315
5160783
5161262
5161723
5161803
5161902
5162077
5162097
5162188
5162512
5162645
5162851
5163799
5164390
5164466
5164582
5164706
5164862
5164903
5164916
5165101
5165734
5166009
5166177
5166184
5166516
5166819
5167259
5168491
5170691
5171728
5172078
5172387
5172485
5173048
5173171
5173210
5173237
5173354
5173572
5173623
5173930
5174035
5174358
5174550
5175496
5175865
5176472
5176517
5176937
5177358
5177568
5177773
5178127
5178165
5178195
5178800
5178940
5179505
5179995
5180199
5180225
5180834
5182529
5183109
5183110
5183234
5185210
5186696
5188075
5188140
5188843
5190219
5190311
5191523
5192726
5192840
5192925
5193011
5193309
5193342
5193920
5193955
5194099
5194584
5194821
5194941
5195460
5195561
5195674
5196220
5196974
5197079
5197159
5197430
5197517
5197796
5197989
5198034
5198748
5200499
5201117
5201734
5202215
5202340
5202535
5202551
5202765
5203127
5203197
5203393
5203506
5204465
5204783
5205163
5205377
5205849
5206379
5206606
5206708
5206709
5206718
5206725
5207069
5207490
5207563
5207728
5208117
5211303
5211730
5212752
5212870
5213681
5214867
5215118
5215193
5216895
5218270
5218450
5218802
5218829
5219287
5219488
5219501
5219585
5219619
5219843
5220798
5221077
5221341
5221637
5221659
5221703
5221931
5222866
5223358
5223505
5223525
5223587
5223593
5223672
5223681
5223869
5224082
5224151
5224949
5225507
5225627
5225631
5225809
5225857
5226534
5229794
5231851
5232741
5233143
5233742
5234141
5234372
5235024
5236108
5237402
5238156
5238321
5238499
5239058
5239188
5239844
5240081
5240108
5240304
5240509
5240656
5240843
5241006
5241248
5241330
5241611
5242224
5242994
5243145
5243712
5244010
5244080
5244247
5244267
5244607
5244638
5245193
5245359
5245387
5246835
5247415
5247648
5248417
5248897
5249871
5250201
5250402
5251145
5251171
5251436
5251723
5253219
5253352
5253638
5253710
5254218
5254962
5255004
5255068
5257029
5257551
5257754
5258296
5258393
5258824
5258957
5259036
5259140
5259169
5259196
5259202
5259313
5259317
5260521
5261457
5261585
5261891
5261969
5262596
5262630
5262634
5262649
5262812
5262838
5263045
5263113
5263667
5264049
5264223
5264381
5264412
5264870
5265228
5265499
5265504
5265585
5265702
5265838
5266230
5267403
5268002
5268045
5268249
5268720
5268738
5268742
5268798
5268986
5272893
5272949
5273328
5273607
5273812
5274183
5274644
5274867
5275020
5275191
5275205
5275391
5275717
5276435
5276542
5278005
5278052
5278120
5278159
5278420
5278422
5278693
5279098
5279422
5279436
5280814
5280822
5280854
5281166
5281184
5281340
5281551
5281730
5282526
5282804
5282835
5283054
5283837
5284756
5284905
5285666
5287262
5287565
5288261
5288636
5288661
5288786
5288858
5289282
5289626
5290007
5290912
5291033
5292387
5293083
5293183
5293996
5294167
5294698
5294810
5294902
5294937
5295143
5295177
5295903
5295985
5296266
5296391
5296409
5296802
5300830
5301067
5301388
5303705
5303752
5303929
5304306
5304391
5305230
5305996
5306611
5307540
5307778
5308049
5308305
5308480
5308655
5309135
5309842
5309858
5310183
5310193
5311433
5312544
5312913
5313457
5313527
5313667
5314245
5314328
5315062
5315073
5316201
5316205
5316428
5316540
5316890
5317058
5317071
5317714
5318288
5318313
5318611
5320655
5320800
5320871
5321098
5321473
5322053
5322400
5322551
5322553
5322571
5322652
5322737
5322850
5323060
5323163
5323525
5323566
5323694
5323810
5324004
5324105
5324200
5324363
5324400
5324477
5324698
5324802
5324862
5324903
5325011
5325111
5325186
5325187
5325223
5325305
5325371
5325372
5325423
5325738
5325866
5326032
5326297
5326305
5326418
5326561
5327003
5327098
5327298
5327319
5327422
5327455
5327550
5327684
5327717
5328041
5328152
5328163
5328426
5328563
5328808
5329408
5329649
5329735
5329830
5330040
5330143
5330167
5330222
5330413
5330427
5330567
5330582
5330642
5330643
5331568
5331575
5331835
5331920
5332593
5332698
5332937
5333180
5333207
5333282
5333515
5333689
5333913
5333944
5333976
5334096
5334223
5334312
5334320
5334336
5334374
5334519
5334799
5334928
5335006
5335131
5335650
5335663
5336054
5336269
5336477
5336537
5336545
5336667
5336899
5337561
5337696
5337896
5337908
5337912
5338122
5338166
5338196
5338707
5338783
5338800
5339066
5339111
5339539
5339631
5339663
5339840
5340175
5340674
5341051
5341114
5341145
5341256
5341430
5341483
5341531
5341704
5342353
5342485
5342657
5342710
5342741
5342992
5343171
5343303
5343858
5344147
5344157
5344817
5344942
5344994
5345032
5345529
5345609
5345623
5345679
5345716
5345743
5345860
5346111
5346646
5346649
5346827
5347287
5347335
5347578
5349613
5349705
5349755
5349803
5350039
5350159
5350207
5350605
5350734
5350937
5351247
5351428
5351515
5351549
5352059
5352214
5352350
5352376
5352423
5352439
5352963
5353397
5353530
5353775
5354172
5354546
5354655
5354819
5354943
5355180
5355828
5355933
5356012
5356096
5356277
5356451
5356521
5356576
5356868
5357499
5357527
5358705
5358736
5358901
5359052
5359054
5359426
5359446
5359488
5359777
5359864
5360160
5360279
5361298
5361384
5361454
5362725
5362994
5363364
5363748
5363859
5363922
5363933
5363943
5363990
5364007
5364022
5364059
5364066
5364079
5364104
5364134
5364199
5364226
5364271
5364275
5364306
5364329
5364369
5364414
5364499
5364514
5364554
5364615
5364729
5364741
5364782
5364855
5364916
5364940
5365425
5365603
5365893
5365918
5365937
5366375
5366531
5367314
5367440
5367565
5367696
5367767
5367788
5367846
5367929
5368335
5368361
5368453
5368518
5368559
5369367
5369568
5369906
5370006
5370082
5370164
5370493
5370542
5370590
5370868
5371261
5371858
5372153
5372205
5372223
5372253
5373121
5373129
5373327
5373492
5373497
5373628
5373763
5373900
5374128
5374175
5374232
5374275
5374322
5374361
5374406
5374648
5374671
5374732
5374764
5374871
5374920
5375480
5375883
5375911
5376095
5376200
5376502
5376803
5376890
5377100
5377199
5377640
5377654
5377985
5377995
5378044
5378298
5378500
5378529
5378538
5378566
5378763
5378771
5378870
5378880
5379439
5379513
5379566
5379609
5379678
5379759
5380184
5380378
5380420
5380437
5380626
5380668
5380698
5380748
5381002
5381110
5381325
5381396
5381438
5381515
5382146
5382215
5382232
5382496
5382989
5383075
5383187
5383431
5383465
5383527
5383559
5383720
5383777
5383872
5384018
5384170
5384339
5384471
5384690
5385082
5385793
5385925
5385941
5385955
5386015
5386035
5386039
5386053
5386082
5386754
5386785
5386834
5386984
5387152
5387288
5387428
5387494
5387687
5387749
5387844
5387877
5388319
5388564
5388735
5388867
5388873
5388881
5389126
5389213
5389288
5389489
5390267
5391295
5391597
5391710
5391749
5391760
5391791
5391811
5391891
5391945
5391959
5392034
5392090
5392171
5392229
5392263
5392281
5392323
5392368
5392423
5392508
5392528
5392567
5392593
5392868
5392900
5392952
5393015
5393049
5393052
5393128
5393180
5393212
5393245
5393287
5393388
5393429
5393485
5393611
5393701
5394063
5394086
5394136
5394165
5394329
5394409
5394842
5394970
5395244
5396003
5396974
5397018
5397059
5397095
5397376
5397603
5397664
5397717
5397765
5397777
5397841
5397851
5398277
5398630
5398988
5399020
5399438
5399629
5399786
5399901
5399976
5400075
5400159
5400400
5400784
5400943
5400946
5401395
5401469
5402152
5402405
5402415
5402535
5403022
5403191
5403676
5403767
5403783
5404024
5404119
5404122
5404141
5404198
5404274
5404476
5404555
5404794
5404915
5405038
5405228
5405288
5405326
5405380
5405693
5405841
5405878
5406222
5406421
5406567
5406602
5406976
5406990
5407030
5407529
5407908
5407933
5408076
5408191
5408211
5408406
5408431
5409059
5409260
5409768
5409802
5410004
5410095
5410129
5410430
5410438
5410682
5410902
5410999
5411015
5411046
5411079
5411479
5412199
5412230
5412347
5412396
5412822
5412939
5414392
5414872
5414941
5415035
5415306
5416005
5416113
5416329
5416357
5416541
5416606
5417041
5417258
5417598
5417657
5417737
5418104
5418493
5418523
5418552
5419384
5419606
5419755
5420241
5420328
5420885
5420964
5421250
5421418
5421506
5422191
5422376
5422503
5422534
5422889
5423092
5423294
5423573
5423839
5423908
5424099
5425043
5425911
5425934
5427207
5427299
5427771
5427796
5427946
5428184
5429032
5429522
5429982
5430023
5431423
5431710
5431994
5432105
5432410
5433124
5433676
5433784
5433806
5434006
5435047
5435464
5435477
5436353
5436363
5437555
5438567
5438878
5438881
5439284
5439752
5440525
5440526
5441199
5441492
5442271
5442727
5443889
5443910
5443948
5444579
5444689
5445298
5445439
5445820
5454627
5454711
5455214
5455775
5460322
5460459
5461240
5461645
5462076
5462377
5462393
5462489
5466585
5466605
5467328
5468773
5471578
5473297
5474935
5475352
5475433
5476913
5478949
5478971
5483680
5485658
5486761
5486795
5487811
5488441
5488598
5488600
5489602
5489804
5490263
5490385
5491487
5492450
5493403
5493798
5493811
5495238
5495292
5497914
5498952
5500539
5501344
5503766
5504003
5505411
5505963
5506956
5507016
5508180
5509403
5509851
5509952
5511077
5512827
5512862
5512909
5512994
5513307
5513343
5514428
5515110
5515345
5515553
5516233
5516643
5517061
5520076
5520552
5520677
5520993
5521715
5523074
5523369
5525577
5525775
5526337
5527554
5527953
5528450
5530022
5530932
5530937
5533366
5536630
5538927
5538942
5539937
5540810
5540831
5541458
5543307
5546220
5548718
5549222
5550192
5550366
5550368
5550409
5551123
5551498
5551535
5552301
5552450
5553955
5554072
5554428
5554955
5555083
5557293
5557317
5558953
5559320
5562087
5563397
5564067
5567770
5568295
5570160
5571109
5571188
5571553
5572400
5573443
5574257
5574991
5576859
5576882
5576909
5577147
5577516
5577592
5578171
5578775
5579276
5579368
5581213
5582371
5583509
5586437
5587698
5589173
5589394
5591399
5591778
5594956
5595336
5596475
5597711
5597955
5598538
5598542
5600363
5600685
5601538
5601615
5601933
5604045
5604222
5604353
5604510
5605242
5606275
5606401
5607916
5608388
5609286
5609851
5610810
5640193
5640214
5640284
5640350
5641727
5642934
5644844
5645859
5648657
5653639
5653731
5655240
5656882
5658166
5658395
5660340
5661473
5663049
5663257
5666639
5670635
5671996
5673390
5676910
5677498
5682902
5684558
5684927
5685767
5686121
5688025
5688789
5690366
5690471
5690532
5692947
5697939
5703670
5705218
5710669
5710756
5711099
5711149
5711789
5711847
5712169
5712417
5713376
5713587
5713759
5715905
5717758
5717789
5718132
5718340
5718601
5720495
5720727
5722064
5722917
5724361
5725846
5727032
5727190
5727382
5729080
5729485
5730183
5730675
5731070
5731371
5731777
5734711
5735238
5735549
5735724
5735782
5736218
5736378
5736634
5736645
5738937
5739936
5740099
5740308
5740900
5741646
5741683
5742668
5742726
5742750
5742974
5743731
5744253
5744635
5745380
5746486
5746545
5747882
5747941
5749022
5749213
5749352
5750162
5750984
5751632
5752129
5754005
5755337
5756304
5756758
5756777
5757477
5757506
5758901
5759199
5760009
5761287
5761708
5761937
5763910
5764048
5765609
5765751
5766425
5768233
5769288
5769489
5769772
5771826
5771960
5772654
5772959
5773001
5773304
5774001
5774215
5774301
5774662
5775699
5775782
5775863
5776008
5776692
5776715
5776727
5777107
5777224
5777544
5777793
5778244
5778352
5778755
5779036
5779068
5779206
5779334
5779423
5779451
5779548
5779816
5780026
5780557
5780802
5780993
5781061
5781070
5781087
5781765
5781770
5781783
5781794
5781860
5781993
5782272
5782391
5782476
5783695
5784154
5784549
5784607
5785035
5785243
5785657
5785868
5785965
5786485
5786882
5786899
5787316
5787776
5787829
5788054
5788516
5788822
5789683
5789826
5790229
5790600
5790971
5791132
5791159
5791791
5792244
5793348
5793427
5793639
5793933
5794097
5794245
5794559
5794761
5795011
5795104
5795906
5795988
5795991
5796984
5798171
5798487
5799587
5799610
5799625
5799687
5799841
5800074
5800112
5800317
5800420
5800683
5801520
5801617
5801666
5802049
5802340
5802493
5802570
5803139
5803457
5803786
5803990
5804127
5804191
5804306
5804915
5804953
5805441
5805503
5805505
5805550
5805687
5805782
5805815
5806253
5806298
5807212
5807228
5807239
5807540
5807575
5808079
5808189
5808276
5809333
5809402
5809805
5809844
5809983
5810301
5810490
5810995
5811089
5811456
5811581
5811696
5811729
5812604
5812944
5813973
5814043
5814047
5814048
5814095
5814450
5814616
5814916
5815033
5815136
5815342
5815538
5815539
5815665
5815842
5816320
5816605
5816861
5818702
5819881
5820705
5821086
5821593
5823819
5824805
5826027
5826559
5828648
5830007
5830062
5832759
5835124
5835178
5836898
5837593
5838198
5840284
5840846
5843997
5844096
5846901
5847207
5847411
5847486
5847504
5847530
5847746
5847832
5848189
5848280
5848322
5848956
5849297
5849346
5849616
5849996
5850027
5850079
5850181
5850248
5850554
5850616
5851030
5851096
5851484
5851942
5852275
5852508
5852602
5853971
5853992
5854171
5854173
5854380
5854410
5854450
5854469
5854471
5854496
5854535
5854564
5854571
5854686
5854717
5855051
5855070
5855420
5855471
5855631
5855754
5855802
5855927
5856195
5856844
5856852
5861187
5861897
5862837
5864145
5866063
5866583
5873776
5874678
5875745
5877389
5879400
5879403
5879898
5881791
5882600
5882725
5882799
5882873
5884051
5884083
5884238
5884588
5885383
5886586
5886971
5887470
5888001
5888377
5888681
5889156
5889745
5892532
5894171
5895482
5895650
5897321
5897884
5898138
5898265
5903510
5903793
5904414
5905132
5905308
5905393
5906267
5906690
5906831
5907092
5907364
5907896
5907983
5907990
5908737
5908809
5909204
5909278
5909294
5909403
5909483
5909629
5911433
5911570
5911592
5911606
5913414
5913490
5913550
5913695
5914132
5914653
5914826
5914894
5915327
5915359
5916896
5917781
5919137
5919248
5919566
5920288
5920433
5920457
5920668
5921060
5921147
5921225
5921356
5921719
5921896
5922111
5923101
5923921
5924204
5924579
5924618
5925024
5925975
5926268
5926432
5926511
5926968
5927690
5927969
5928065
5928488
5930890
5931006
5931800
5932213
5933618
5933869
5934665
5935277
5936956
5936957
5937615
5937819
5938513
5939219
5939236
5940934
5940956
5941905
5941925
5942798
5942845
5943865
5944526
5944673
5945707
5946656
5946768
5948111
5948587
5949512
5950268
5950593
5952121
5952370
5954556
5954579
5955526
5955815
5955895
5955960
5957564
5957776
5958891
5959326
5959731
5959878
5959974
5960533
5960971
5961417
5961564
5962204
5962442
5962582
5963453
5963553
5964215
5964250
5964304
5964347
5964606
5964700
5964731
5965546
5965812
5966078
5967149
5967629
5967687
5967988
5969025
5969185
5969721
5969782
5970149
5971372
5971859
5972291
5973973
5974407
5975182
5976524
5976999
5977325
5978765
5983225
5983433
5983626
5985477
5985932
5985934
5987650
5989045
5989117
5989566
5990579
5990916
5991055
5991085
5991370
5991909
5992424
5992500
5992526
5992830
5992996
5993123
6002133
6014443
6032673
6042689
6047861
6048316
6048483
6049388
6049429
6049863
6050177
6050263
6050416
6050539
6050610
6050619
6051122
6051562
6052788
6053154
6054350
6054578
6055388
6058024
6058560
6059891
6060789
6061334
6061958
6062069
6062163
6062534
6064145
6064180
6064280
6064365
6064969
6065262
6065686
6066513
6067494
6067547
6070250
6071421
6071618
6072539
6073363
6073743
6074143
6074377
6074409
6075061
6075081
6075292
6075357
6076211
6077128
6077243
6077315
6077338
6077340
6077445
6078112
6082231
6082322
6085154
6085665
6085772
6086871
6086944
6087029
6087579
6087701
6087790
6087844
6087892
6087905
6089125
6089311
6089404
6089426
6089661
6089692
6090575
6090785
6091314
6091919
6092122
6092125
6092873
6092889
6092896
6093010
6093513
6094201
6094325
6094578
6094665
6094817
6094835
6095645
6096582
6096729
6098642
6098717
6098747
6100086
6100799
6100932
6101141
6101606
6101645
6104111
6104215
6104319
6105815
6107325
6111632
6111704
6111706
6111745
6111862
6111874
6111962
6112000
6112530
6112608
6113335
6113355
6113365
6114862
6115355
6115383
6115713
6118158
6118417
6118425
6119109
6119113
6119451
6119518
6121621
6122085
6122091
6122758
6125653
6126305
6126632
6127950
6128081
6128577
6136777
6136944
6137146
6137270
6137327
6137489
6137540
6137579
6137633
6137702
6137749
6137780
6137781
6137941
6137982
6138032
6138121
6138175
6138201
6138369
6138374
6138495
6138501
6138517
6138525
6138573
6138610
6138617
6138625
6138643
6138671
6138791
6138987
6139045
6139184
6139289
6139413
6139417
6141190
6141256
6141439
6141900
6142912
6143367
6144312
6145255
6145489
6145668
6145672
6145887
6146143
6146279
6147353
6151026
6151264
6151350
6151455
6152518
6152674
6154383
6154636
6155033
6155721
6155938
6156102
6156855
6157390
6157536
6157718
6157977
6158027
6158070
6158357
6158573
6159232
6159244
6159626
6159905
6160603
6160806
6161443
6161637
6161860
6162416
6162654
6162703
6162949
6163012
6163363
6165683
6165719
6166142
6166580
6166739
6167125
6167865
6169141
6169661
6170682
6170930
6171633
6172932
6173001
6173004
6173017
6173031
6173241
6173331
6173404
6173508
6173570
6173577
6173614
6173767
6173803
6173864
6174041
6174068
6174151
6176421
6176722
6176823
6176992
6177869
6178582
6178999
6179226
6179268
6179830
6180144
6180170
6180176
6180550
6180961
6182962
6183235
6183590
6183858
6184206
6184365
6185217
6185377
6185607
6324729
6324733
6325478
6325485
6325488
6325493
6325494
6325521
6331908
6331909
6332309
6332419
6332422
6332428
6332439
6332479
6332582
6332745
6354895
6354897
6354908
6354934
6354950
6354954
6534203
6545023
6620467
6620953
6621036
6621052
6639665
6640032
6690232
6690773
6693777
6695808
6696260
6930378
6941080
6942644
6942645
6942803
6943488
6943599
6943602
6943713
6943827
6943831
6945979
6945986
6946944
6957263
7147568
7160204
7174365
7176035
7176039
7184841
7250691
7257422
7257540
7257575
7257726
7257737
7257991
7257992
7258153
7258233
7258271
7258432
7258633
7258671
7258780
7258832
7258897
7258965
7259034
7259061
7259265
7259381
7259480
7259621
7259705
7259780
7259823
7260019
7260095
7260219
7260233
7260327
7260548
7260806
7260892
7260966
7261029
7261259
7261268
7261291
7261418
7261464
7261476
7261553
7261643
7261759
7262037
7262110
7262349
7262428
7262464
7262518
7262586
7262622
7262635
7262717
7262725
7262761
7262771
7262790
7262800
7276754
7280414
7281936
7289169
7303786
7310164
7315158
7315184
7315234
7315237
7315245
7315248
7315274
7315395
7315409
7315412
7315418
7535673
7535681
7602078
7602285
7669012
7669020
7728583
7839094
7839240
7870334
7870782
7870882
7870883
7870884
7870890
7870917
7870919
7870920
7871306
7871311
7871317
7871320
8030162
8051142
8062543
8062662
8062667
8085753
8085760
8096113
8096217
8097131
8097231
8125787
8285452
8299576
8299577
8347326
8379097
8436065
8436083
8436084
8436473
8436486
8436572
8449722
8449754
8449772
8449777
8449910
8469295
8478941
8479282
8479411
8479427
8480031
8480033
8480034
8480038
8480053
8480062
8480065
8481843
8481844
8531960
8531961
8532040
8532041
8533869
8555982
8556258
8556287
8556295
8558534
8593671
8593675
8593834
8604682
8605041
8616971
8643098
9036748
9403721
9409821
9409823
9534958
9958118
10104153
10104154
10172958
10173805
10173811
10286555
10287505
11071594
11103866
11669119
11704266
11748973
11811570
11838435
11838437
11838960
11979227
11979238
11979894
11979899
12022702
12032531
12070742
12070755
12070764
12076628
12076642
12076644
12076678
12076998
12156817
12156818
12156819
12156820
12156821
12156822
12156823
12156824
12156825
12156826
12156828
12156835
12156838
12156839
12156840
12156842
12156843
12156845
12156849
12156850
12156851
12156853
12156854
12156857
12156858
12156859
12156862
12156865
12156867
12156868
12156871
12156872
12156873
12156875
12156877
12156878
12156881
12156882
12156883
12156884
12156886
12156887
12156888
12156890
12156893
12156896
12156897
12156898
12156899
12156901
12156903
12156904
12156905
12156906
12188701
12217929
12523068
12541728
12626120
12626122
12626134
12626140
12626141
12626156
12626157
12626165
12626175
12626176
12750392
12750396
12750398
12750403
12750405
12750406
12750416
13100433
13100434
13100438
13100439
13117834
13117899
13117955
13157324
13157343
13191986
13191988
13308200
13495376
13495377
13495378
13495379
13495380
13495388
13495394
13512353
13512354
13512355
13512358
13512367
13512377
13512378
13512383
13512395
13512410
13512416
13512426
13512427
13512544
13512545
13512546
13512547
13512548
13512549
13512769
13512932
13512933
13513180
13513181
13526886
13526888
13526890
13526893
13526894
13526895
13526896
13526897
13526898
13526900
13546316
13546317
13546318
13546319
13546320
13546321
13546322
13546323
13546324
13546325
13561794
13561900
13561902
13561919
13562032
13562300
13580564
13580764
13580769
13580772
13589045
13589046
13589156
13589205
13589206
13589208
13589209
13589211
13589212
13589220
13589240
13589242
13592154
13592173
13592177
13607752
13607888
13607919
13607951
13645932
13645934
13645935
13645938
13645940
13645942
13645943
13645944
13645948
13645949
13665232
13665233
13680114
13697058
